epoch: 0
372, 183, 10, 
4, 7, 0, 
0, 0, 0, 

epoch: 1
375, 184, 10, 
1, 6, 0, 
0, 0, 0, 

epoch: 2
376, 183, 10, 
0, 7, 0, 
0, 0, 0, 

epoch: 3
376, 181, 10, 
0, 9, 0, 
0, 0, 0, 

epoch: 4
376, 182, 10, 
0, 8, 0, 
0, 0, 0, 

epoch: 5
376, 179, 10, 
0, 11, 0, 
0, 0, 0, 

epoch: 6
376, 174, 10, 
0, 16, 0, 
0, 0, 0, 

epoch: 7
376, 169, 10, 
0, 21, 0, 
0, 0, 0, 

epoch: 8
376, 169, 10, 
0, 21, 0, 
0, 0, 0, 

epoch: 9
375, 163, 10, 
1, 27, 0, 
0, 0, 0, 

epoch: 10
375, 157, 10, 
1, 33, 0, 
0, 0, 0, 

epoch: 11
375, 146, 10, 
1, 44, 0, 
0, 0, 0, 

epoch: 12
375, 147, 10, 
1, 43, 0, 
0, 0, 0, 

epoch: 13
375, 146, 10, 
1, 44, 0, 
0, 0, 0, 

epoch: 14
375, 145, 10, 
1, 45, 0, 
0, 0, 0, 

epoch: 15
373, 139, 10, 
3, 51, 0, 
0, 0, 0, 

epoch: 16
374, 138, 10, 
2, 52, 0, 
0, 0, 0, 

epoch: 17
373, 138, 10, 
3, 52, 0, 
0, 0, 0, 

epoch: 18
372, 136, 10, 
4, 54, 0, 
0, 0, 0, 

epoch: 19
373, 136, 10, 
3, 54, 0, 
0, 0, 0, 

epoch: 20
375, 136, 10, 
1, 54, 0, 
0, 0, 0, 

epoch: 21
371, 132, 10, 
5, 58, 0, 
0, 0, 0, 

epoch: 22
372, 132, 10, 
4, 58, 0, 
0, 0, 0, 

epoch: 23
372, 129, 10, 
4, 61, 0, 
0, 0, 0, 

epoch: 24
375, 133, 10, 
1, 57, 0, 
0, 0, 0, 

epoch: 25
375, 131, 10, 
1, 59, 0, 
0, 0, 0, 

epoch: 26
373, 130, 10, 
3, 60, 0, 
0, 0, 0, 

epoch: 27
375, 131, 10, 
1, 59, 0, 
0, 0, 0, 

epoch: 28
375, 129, 10, 
1, 61, 0, 
0, 0, 0, 

epoch: 29
372, 128, 10, 
4, 62, 0, 
0, 0, 0, 

epoch: 30
372, 127, 10, 
4, 63, 0, 
0, 0, 0, 

epoch: 31
375, 129, 10, 
1, 61, 0, 
0, 0, 0, 

epoch: 32
374, 126, 10, 
2, 64, 0, 
0, 0, 0, 

epoch: 33
375, 126, 10, 
1, 64, 0, 
0, 0, 0, 

epoch: 34
375, 125, 10, 
1, 65, 0, 
0, 0, 0, 

epoch: 35
375, 124, 10, 
1, 66, 0, 
0, 0, 0, 

epoch: 36
374, 122, 10, 
2, 68, 0, 
0, 0, 0, 

epoch: 37
375, 124, 10, 
1, 66, 0, 
0, 0, 0, 

epoch: 38
375, 124, 10, 
1, 66, 0, 
0, 0, 0, 

epoch: 39
375, 124, 10, 
1, 66, 0, 
0, 0, 0, 

epoch: 40
375, 124, 10, 
1, 66, 0, 
0, 0, 0, 

epoch: 41
375, 124, 10, 
1, 66, 0, 
0, 0, 0, 

epoch: 42
376, 125, 10, 
0, 65, 0, 
0, 0, 0, 

epoch: 43
375, 123, 10, 
1, 67, 0, 
0, 0, 0, 

epoch: 44
376, 124, 10, 
0, 66, 0, 
0, 0, 0, 

epoch: 45
376, 125, 10, 
0, 65, 0, 
0, 0, 0, 

epoch: 46
375, 117, 10, 
1, 73, 0, 
0, 0, 0, 

epoch: 47
376, 121, 10, 
0, 69, 0, 
0, 0, 0, 

epoch: 48
376, 121, 10, 
0, 69, 0, 
0, 0, 0, 

epoch: 49
376, 125, 10, 
0, 65, 0, 
0, 0, 0, 

epoch: 50
376, 122, 10, 
0, 68, 0, 
0, 0, 0, 

epoch: 51
376, 118, 10, 
0, 72, 0, 
0, 0, 0, 

epoch: 52
376, 117, 10, 
0, 73, 0, 
0, 0, 0, 

epoch: 53
376, 120, 10, 
0, 70, 0, 
0, 0, 0, 

epoch: 54
376, 115, 10, 
0, 75, 0, 
0, 0, 0, 

epoch: 55
376, 115, 10, 
0, 75, 0, 
0, 0, 0, 

epoch: 56
376, 119, 10, 
0, 71, 0, 
0, 0, 0, 

epoch: 57
376, 117, 10, 
0, 73, 0, 
0, 0, 0, 

epoch: 58
376, 115, 10, 
0, 75, 0, 
0, 0, 0, 

epoch: 59
376, 117, 10, 
0, 73, 0, 
0, 0, 0, 

epoch: 60
376, 115, 10, 
0, 75, 0, 
0, 0, 0, 

epoch: 61
376, 113, 10, 
0, 77, 0, 
0, 0, 0, 

epoch: 62
376, 115, 10, 
0, 75, 0, 
0, 0, 0, 

epoch: 63
376, 113, 10, 
0, 77, 0, 
0, 0, 0, 

epoch: 64
376, 113, 10, 
0, 77, 0, 
0, 0, 0, 

epoch: 65
376, 113, 10, 
0, 77, 0, 
0, 0, 0, 

epoch: 66
376, 111, 10, 
0, 79, 0, 
0, 0, 0, 

epoch: 67
376, 110, 10, 
0, 80, 0, 
0, 0, 0, 

epoch: 68
376, 111, 10, 
0, 79, 0, 
0, 0, 0, 

epoch: 69
376, 109, 10, 
0, 81, 0, 
0, 0, 0, 

epoch: 70
376, 113, 10, 
0, 77, 0, 
0, 0, 0, 

epoch: 71
376, 110, 10, 
0, 80, 0, 
0, 0, 0, 

epoch: 72
376, 110, 10, 
0, 80, 0, 
0, 0, 0, 

epoch: 73
376, 108, 10, 
0, 82, 0, 
0, 0, 0, 

epoch: 74
376, 107, 10, 
0, 83, 0, 
0, 0, 0, 

epoch: 75
376, 108, 10, 
0, 82, 0, 
0, 0, 0, 

epoch: 76
376, 104, 10, 
0, 86, 0, 
0, 0, 0, 

epoch: 77
376, 104, 10, 
0, 86, 0, 
0, 0, 0, 

epoch: 78
376, 104, 10, 
0, 86, 0, 
0, 0, 0, 

epoch: 79
376, 103, 10, 
0, 87, 0, 
0, 0, 0, 

epoch: 80
376, 105, 10, 
0, 85, 0, 
0, 0, 0, 

epoch: 81
376, 103, 10, 
0, 87, 0, 
0, 0, 0, 

epoch: 82
376, 105, 10, 
0, 85, 0, 
0, 0, 0, 

epoch: 83
376, 97, 10, 
0, 93, 0, 
0, 0, 0, 

epoch: 84
376, 101, 10, 
0, 89, 0, 
0, 0, 0, 

epoch: 85
376, 100, 10, 
0, 90, 0, 
0, 0, 0, 

epoch: 86
376, 97, 10, 
0, 93, 0, 
0, 0, 0, 

epoch: 87
376, 101, 10, 
0, 89, 0, 
0, 0, 0, 

epoch: 88
376, 101, 10, 
0, 89, 0, 
0, 0, 0, 

epoch: 89
376, 100, 10, 
0, 90, 0, 
0, 0, 0, 

epoch: 90
376, 101, 10, 
0, 89, 0, 
0, 0, 0, 

epoch: 91
376, 97, 10, 
0, 93, 0, 
0, 0, 0, 

epoch: 92
376, 96, 10, 
0, 94, 0, 
0, 0, 0, 

epoch: 93
376, 97, 10, 
0, 93, 0, 
0, 0, 0, 

epoch: 94
376, 96, 10, 
0, 94, 0, 
0, 0, 0, 

epoch: 95
376, 95, 10, 
0, 95, 0, 
0, 0, 0, 

epoch: 96
376, 95, 10, 
0, 95, 0, 
0, 0, 0, 

epoch: 97
376, 96, 10, 
0, 94, 0, 
0, 0, 0, 

epoch: 98
376, 91, 10, 
0, 99, 0, 
0, 0, 0, 

epoch: 99
376, 92, 10, 
0, 98, 0, 
0, 0, 0, 

epoch: 100
376, 93, 10, 
0, 97, 0, 
0, 0, 0, 

epoch: 101
376, 95, 10, 
0, 95, 0, 
0, 0, 0, 

epoch: 102
376, 92, 10, 
0, 98, 0, 
0, 0, 0, 

epoch: 103
376, 90, 10, 
0, 100, 0, 
0, 0, 0, 

epoch: 104
376, 91, 10, 
0, 99, 0, 
0, 0, 0, 

epoch: 105
376, 89, 10, 
0, 101, 0, 
0, 0, 0, 

epoch: 106
376, 89, 10, 
0, 101, 0, 
0, 0, 0, 

epoch: 107
376, 91, 10, 
0, 99, 0, 
0, 0, 0, 

epoch: 108
376, 90, 10, 
0, 100, 0, 
0, 0, 0, 

epoch: 109
376, 91, 10, 
0, 99, 0, 
0, 0, 0, 

epoch: 110
376, 89, 10, 
0, 101, 0, 
0, 0, 0, 

epoch: 111
376, 88, 10, 
0, 102, 0, 
0, 0, 0, 

epoch: 112
376, 86, 10, 
0, 104, 0, 
0, 0, 0, 

epoch: 113
376, 84, 10, 
0, 106, 0, 
0, 0, 0, 

epoch: 114
376, 84, 10, 
0, 106, 0, 
0, 0, 0, 

epoch: 115
376, 85, 10, 
0, 105, 0, 
0, 0, 0, 

epoch: 116
376, 85, 10, 
0, 105, 0, 
0, 0, 0, 

epoch: 117
376, 80, 10, 
0, 110, 0, 
0, 0, 0, 

epoch: 118
376, 83, 10, 
0, 107, 0, 
0, 0, 0, 

epoch: 119
376, 77, 10, 
0, 113, 0, 
0, 0, 0, 

epoch: 120
376, 80, 10, 
0, 110, 0, 
0, 0, 0, 

epoch: 121
376, 78, 10, 
0, 112, 0, 
0, 0, 0, 

epoch: 122
376, 75, 10, 
0, 115, 0, 
0, 0, 0, 

epoch: 123
376, 79, 10, 
0, 111, 0, 
0, 0, 0, 

epoch: 124
376, 75, 10, 
0, 115, 0, 
0, 0, 0, 

epoch: 125
376, 75, 10, 
0, 115, 0, 
0, 0, 0, 

epoch: 126
376, 75, 10, 
0, 115, 0, 
0, 0, 0, 

epoch: 127
376, 75, 10, 
0, 115, 0, 
0, 0, 0, 

epoch: 128
376, 75, 10, 
0, 115, 0, 
0, 0, 0, 

epoch: 129
376, 73, 10, 
0, 117, 0, 
0, 0, 0, 

epoch: 130
376, 69, 10, 
0, 121, 0, 
0, 0, 0, 

epoch: 131
376, 73, 10, 
0, 117, 0, 
0, 0, 0, 

epoch: 132
376, 75, 10, 
0, 115, 0, 
0, 0, 0, 

epoch: 133
376, 69, 10, 
0, 121, 0, 
0, 0, 0, 

epoch: 134
376, 69, 10, 
0, 121, 0, 
0, 0, 0, 

epoch: 135
376, 67, 10, 
0, 123, 0, 
0, 0, 0, 

epoch: 136
376, 69, 10, 
0, 121, 0, 
0, 0, 0, 

epoch: 137
376, 68, 10, 
0, 122, 0, 
0, 0, 0, 

epoch: 138
376, 67, 10, 
0, 123, 0, 
0, 0, 0, 

epoch: 139
376, 67, 10, 
0, 123, 0, 
0, 0, 0, 

epoch: 140
376, 67, 10, 
0, 123, 0, 
0, 0, 0, 

epoch: 141
376, 68, 10, 
0, 122, 0, 
0, 0, 0, 

epoch: 142
376, 68, 10, 
0, 122, 0, 
0, 0, 0, 

epoch: 143
376, 68, 10, 
0, 122, 0, 
0, 0, 0, 

epoch: 144
376, 67, 10, 
0, 123, 0, 
0, 0, 0, 

epoch: 145
376, 66, 10, 
0, 124, 0, 
0, 0, 0, 

epoch: 146
376, 66, 10, 
0, 124, 0, 
0, 0, 0, 

epoch: 147
376, 65, 10, 
0, 125, 0, 
0, 0, 0, 

epoch: 148
376, 65, 10, 
0, 125, 0, 
0, 0, 0, 

epoch: 149
376, 66, 10, 
0, 124, 0, 
0, 0, 0, 

epoch: 150
376, 64, 10, 
0, 126, 0, 
0, 0, 0, 

epoch: 151
376, 64, 10, 
0, 126, 0, 
0, 0, 0, 

epoch: 152
376, 62, 10, 
0, 128, 0, 
0, 0, 0, 

epoch: 153
376, 64, 10, 
0, 126, 0, 
0, 0, 0, 

epoch: 154
376, 62, 10, 
0, 128, 0, 
0, 0, 0, 

epoch: 155
376, 62, 10, 
0, 128, 0, 
0, 0, 0, 

epoch: 156
376, 63, 10, 
0, 127, 0, 
0, 0, 0, 

epoch: 157
376, 61, 10, 
0, 129, 0, 
0, 0, 0, 

epoch: 158
376, 60, 10, 
0, 130, 0, 
0, 0, 0, 

epoch: 159
376, 61, 10, 
0, 129, 0, 
0, 0, 0, 

epoch: 160
376, 62, 10, 
0, 128, 0, 
0, 0, 0, 

epoch: 161
376, 62, 10, 
0, 128, 0, 
0, 0, 0, 

epoch: 162
376, 61, 10, 
0, 129, 0, 
0, 0, 0, 

epoch: 163
376, 61, 10, 
0, 129, 0, 
0, 0, 0, 

epoch: 164
376, 59, 10, 
0, 131, 0, 
0, 0, 0, 

epoch: 165
376, 61, 10, 
0, 129, 0, 
0, 0, 0, 

epoch: 166
376, 59, 10, 
0, 131, 0, 
0, 0, 0, 

epoch: 167
376, 59, 10, 
0, 131, 0, 
0, 0, 0, 

epoch: 168
376, 58, 10, 
0, 132, 0, 
0, 0, 0, 

epoch: 169
376, 57, 10, 
0, 133, 0, 
0, 0, 0, 

epoch: 170
376, 57, 10, 
0, 133, 0, 
0, 0, 0, 

epoch: 171
376, 57, 10, 
0, 133, 0, 
0, 0, 0, 

epoch: 172
376, 57, 10, 
0, 133, 0, 
0, 0, 0, 

epoch: 173
376, 53, 10, 
0, 137, 0, 
0, 0, 0, 

epoch: 174
376, 53, 10, 
0, 137, 0, 
0, 0, 0, 

epoch: 175
376, 56, 10, 
0, 134, 0, 
0, 0, 0, 

epoch: 176
376, 53, 10, 
0, 137, 0, 
0, 0, 0, 

epoch: 177
376, 50, 10, 
0, 140, 0, 
0, 0, 0, 

epoch: 178
376, 52, 10, 
0, 138, 0, 
0, 0, 0, 

epoch: 179
376, 53, 10, 
0, 137, 0, 
0, 0, 0, 

epoch: 180
376, 52, 10, 
0, 138, 0, 
0, 0, 0, 

epoch: 181
376, 56, 10, 
0, 134, 0, 
0, 0, 0, 

epoch: 182
376, 50, 10, 
0, 140, 0, 
0, 0, 0, 

epoch: 183
376, 50, 10, 
0, 140, 0, 
0, 0, 0, 

epoch: 184
376, 50, 10, 
0, 140, 0, 
0, 0, 0, 

epoch: 185
376, 49, 10, 
0, 141, 0, 
0, 0, 0, 

epoch: 186
376, 50, 10, 
0, 140, 0, 
0, 0, 0, 

epoch: 187
376, 52, 10, 
0, 138, 0, 
0, 0, 0, 

epoch: 188
376, 50, 10, 
0, 140, 0, 
0, 0, 0, 

epoch: 189
376, 50, 10, 
0, 140, 0, 
0, 0, 0, 

epoch: 190
376, 50, 10, 
0, 140, 0, 
0, 0, 0, 

epoch: 191
376, 48, 10, 
0, 142, 0, 
0, 0, 0, 

epoch: 192
376, 49, 10, 
0, 141, 0, 
0, 0, 0, 

epoch: 193
376, 48, 10, 
0, 142, 0, 
0, 0, 0, 

epoch: 194
376, 48, 10, 
0, 142, 0, 
0, 0, 0, 

epoch: 195
376, 48, 10, 
0, 142, 0, 
0, 0, 0, 

epoch: 196
376, 48, 10, 
0, 142, 0, 
0, 0, 0, 

epoch: 197
376, 48, 10, 
0, 142, 0, 
0, 0, 0, 

epoch: 198
376, 48, 10, 
0, 142, 0, 
0, 0, 0, 

epoch: 199
376, 48, 10, 
0, 142, 0, 
0, 0, 0, 

epoch: 200
376, 46, 10, 
0, 144, 0, 
0, 0, 0, 

epoch: 201
376, 48, 10, 
0, 142, 0, 
0, 0, 0, 

epoch: 202
376, 43, 10, 
0, 147, 0, 
0, 0, 0, 

epoch: 203
376, 47, 10, 
0, 143, 0, 
0, 0, 0, 

epoch: 204
376, 43, 10, 
0, 147, 0, 
0, 0, 0, 

epoch: 205
376, 48, 10, 
0, 142, 0, 
0, 0, 0, 

epoch: 206
376, 43, 10, 
0, 147, 0, 
0, 0, 0, 

epoch: 207
376, 43, 10, 
0, 147, 0, 
0, 0, 0, 

epoch: 208
376, 31, 10, 
0, 159, 0, 
0, 0, 0, 

epoch: 209
376, 43, 10, 
0, 147, 0, 
0, 0, 0, 

epoch: 210
376, 32, 10, 
0, 158, 0, 
0, 0, 0, 

epoch: 211
376, 29, 10, 
0, 161, 0, 
0, 0, 0, 

epoch: 212
376, 24, 10, 
0, 166, 0, 
0, 0, 0, 

epoch: 213
376, 26, 10, 
0, 164, 0, 
0, 0, 0, 

epoch: 214
376, 28, 10, 
0, 162, 0, 
0, 0, 0, 

epoch: 215
376, 24, 10, 
0, 166, 0, 
0, 0, 0, 

epoch: 216
376, 24, 10, 
0, 166, 0, 
0, 0, 0, 

epoch: 217
376, 24, 10, 
0, 166, 0, 
0, 0, 0, 

epoch: 218
376, 28, 10, 
0, 162, 0, 
0, 0, 0, 

epoch: 219
376, 18, 10, 
0, 172, 0, 
0, 0, 0, 

epoch: 220
376, 16, 10, 
0, 174, 0, 
0, 0, 0, 

epoch: 221
376, 16, 10, 
0, 174, 0, 
0, 0, 0, 

epoch: 222
376, 16, 10, 
0, 174, 0, 
0, 0, 0, 

epoch: 223
376, 15, 10, 
0, 175, 0, 
0, 0, 0, 

epoch: 224
376, 14, 10, 
0, 176, 0, 
0, 0, 0, 

epoch: 225
376, 15, 10, 
0, 175, 0, 
0, 0, 0, 

epoch: 226
376, 15, 10, 
0, 175, 0, 
0, 0, 0, 

epoch: 227
376, 15, 10, 
0, 175, 0, 
0, 0, 0, 

epoch: 228
376, 13, 10, 
0, 177, 0, 
0, 0, 0, 

epoch: 229
376, 13, 10, 
0, 177, 0, 
0, 0, 0, 

epoch: 230
376, 13, 10, 
0, 177, 0, 
0, 0, 0, 

epoch: 231
376, 12, 10, 
0, 178, 0, 
0, 0, 0, 

epoch: 232
376, 12, 10, 
0, 178, 0, 
0, 0, 0, 

epoch: 233
376, 12, 10, 
0, 178, 0, 
0, 0, 0, 

epoch: 234
376, 13, 10, 
0, 177, 0, 
0, 0, 0, 

epoch: 235
376, 10, 10, 
0, 180, 0, 
0, 0, 0, 

epoch: 236
376, 12, 10, 
0, 178, 0, 
0, 0, 0, 

epoch: 237
376, 10, 10, 
0, 180, 0, 
0, 0, 0, 

epoch: 238
376, 10, 10, 
0, 180, 0, 
0, 0, 0, 

epoch: 239
376, 9, 10, 
0, 181, 0, 
0, 0, 0, 

epoch: 240
376, 9, 10, 
0, 181, 0, 
0, 0, 0, 

epoch: 241
376, 10, 10, 
0, 180, 0, 
0, 0, 0, 

epoch: 242
376, 6, 10, 
0, 184, 0, 
0, 0, 0, 

epoch: 243
376, 4, 10, 
0, 186, 0, 
0, 0, 0, 

epoch: 244
376, 6, 10, 
0, 184, 0, 
0, 0, 0, 

epoch: 245
376, 4, 10, 
0, 186, 0, 
0, 0, 0, 

epoch: 246
376, 4, 10, 
0, 186, 0, 
0, 0, 0, 

epoch: 247
376, 4, 10, 
0, 186, 0, 
0, 0, 0, 

epoch: 248
376, 3, 10, 
0, 187, 0, 
0, 0, 0, 

epoch: 249
376, 4, 10, 
0, 186, 0, 
0, 0, 0, 

epoch: 250
376, 1, 10, 
0, 189, 0, 
0, 0, 0, 

epoch: 251
376, 2, 10, 
0, 188, 0, 
0, 0, 0, 

epoch: 252
376, 2, 10, 
0, 188, 0, 
0, 0, 0, 

epoch: 253
376, 2, 10, 
0, 188, 0, 
0, 0, 0, 

epoch: 254
376, 1, 10, 
0, 189, 0, 
0, 0, 0, 

epoch: 255
376, 0, 10, 
0, 190, 0, 
0, 0, 0, 

epoch: 256
376, 0, 10, 
0, 190, 0, 
0, 0, 0, 

epoch: 257
376, 0, 10, 
0, 190, 0, 
0, 0, 0, 

epoch: 258
376, 0, 10, 
0, 190, 0, 
0, 0, 0, 

epoch: 259
376, 0, 10, 
0, 190, 0, 
0, 0, 0, 

epoch: 260
376, 0, 10, 
0, 190, 0, 
0, 0, 0, 

epoch: 261
376, 0, 10, 
0, 190, 0, 
0, 0, 0, 

epoch: 262
376, 0, 10, 
0, 190, 0, 
0, 0, 0, 

epoch: 263
376, 0, 10, 
0, 190, 0, 
0, 0, 0, 

epoch: 264
376, 0, 10, 
0, 190, 0, 
0, 0, 0, 

epoch: 265
376, 0, 10, 
0, 190, 0, 
0, 0, 0, 

epoch: 266
376, 0, 10, 
0, 190, 0, 
0, 0, 0, 

epoch: 267
376, 0, 10, 
0, 190, 0, 
0, 0, 0, 

epoch: 268
376, 0, 10, 
0, 190, 0, 
0, 0, 0, 

epoch: 269
376, 0, 10, 
0, 190, 0, 
0, 0, 0, 

epoch: 270
376, 0, 10, 
0, 190, 0, 
0, 0, 0, 

epoch: 271
376, 0, 10, 
0, 190, 0, 
0, 0, 0, 

epoch: 272
376, 0, 10, 
0, 190, 0, 
0, 0, 0, 

epoch: 273
376, 0, 10, 
0, 190, 0, 
0, 0, 0, 

epoch: 274
376, 0, 10, 
0, 190, 0, 
0, 0, 0, 

epoch: 275
376, 0, 10, 
0, 190, 0, 
0, 0, 0, 

epoch: 276
376, 0, 10, 
0, 190, 0, 
0, 0, 0, 

epoch: 277
376, 0, 10, 
0, 190, 0, 
0, 0, 0, 

epoch: 278
376, 0, 10, 
0, 190, 0, 
0, 0, 0, 

epoch: 279
376, 0, 10, 
0, 190, 0, 
0, 0, 0, 

epoch: 280
376, 0, 10, 
0, 190, 0, 
0, 0, 0, 

epoch: 281
376, 0, 10, 
0, 190, 0, 
0, 0, 0, 

epoch: 282
376, 0, 10, 
0, 190, 0, 
0, 0, 0, 

epoch: 283
376, 0, 10, 
0, 190, 0, 
0, 0, 0, 

epoch: 284
376, 0, 10, 
0, 190, 0, 
0, 0, 0, 

epoch: 285
376, 0, 10, 
0, 190, 0, 
0, 0, 0, 

epoch: 286
376, 0, 10, 
0, 190, 0, 
0, 0, 0, 

epoch: 287
376, 0, 10, 
0, 190, 0, 
0, 0, 0, 

epoch: 288
376, 0, 10, 
0, 190, 0, 
0, 0, 0, 

epoch: 289
376, 0, 10, 
0, 190, 0, 
0, 0, 0, 

epoch: 290
376, 0, 10, 
0, 190, 0, 
0, 0, 0, 

epoch: 291
376, 0, 10, 
0, 190, 0, 
0, 0, 0, 

epoch: 292
376, 0, 10, 
0, 190, 0, 
0, 0, 0, 

epoch: 293
376, 0, 10, 
0, 190, 0, 
0, 0, 0, 

epoch: 294
376, 0, 10, 
0, 190, 0, 
0, 0, 0, 

epoch: 295
376, 0, 10, 
0, 190, 0, 
0, 0, 0, 

epoch: 296
376, 0, 10, 
0, 190, 0, 
0, 0, 0, 

epoch: 297
376, 0, 10, 
0, 190, 0, 
0, 0, 0, 

epoch: 298
376, 0, 10, 
0, 190, 0, 
0, 0, 0, 

epoch: 299
376, 0, 10, 
0, 190, 0, 
0, 0, 0, 

epoch: 300
376, 0, 10, 
0, 190, 0, 
0, 0, 0, 

epoch: 301
376, 0, 10, 
0, 190, 0, 
0, 0, 0, 

epoch: 302
376, 0, 10, 
0, 190, 0, 
0, 0, 0, 

epoch: 303
376, 0, 10, 
0, 190, 0, 
0, 0, 0, 

epoch: 304
376, 0, 10, 
0, 190, 0, 
0, 0, 0, 

epoch: 305
376, 0, 10, 
0, 190, 0, 
0, 0, 0, 

epoch: 306
376, 0, 10, 
0, 190, 0, 
0, 0, 0, 

epoch: 307
376, 0, 10, 
0, 190, 0, 
0, 0, 0, 

epoch: 308
376, 0, 10, 
0, 190, 0, 
0, 0, 0, 

epoch: 309
376, 0, 10, 
0, 190, 0, 
0, 0, 0, 

epoch: 310
376, 0, 10, 
0, 190, 0, 
0, 0, 0, 

epoch: 311
376, 0, 10, 
0, 190, 0, 
0, 0, 0, 

epoch: 312
376, 0, 10, 
0, 190, 0, 
0, 0, 0, 

epoch: 313
376, 0, 10, 
0, 190, 0, 
0, 0, 0, 

epoch: 314
376, 0, 10, 
0, 190, 0, 
0, 0, 0, 

epoch: 315
376, 0, 10, 
0, 190, 0, 
0, 0, 0, 

epoch: 316
376, 0, 10, 
0, 190, 0, 
0, 0, 0, 

epoch: 317
376, 0, 10, 
0, 190, 0, 
0, 0, 0, 

epoch: 318
376, 0, 10, 
0, 190, 0, 
0, 0, 0, 

epoch: 319
376, 0, 10, 
0, 190, 0, 
0, 0, 0, 

epoch: 320
376, 0, 10, 
0, 190, 0, 
0, 0, 0, 

epoch: 321
376, 0, 10, 
0, 190, 0, 
0, 0, 0, 

epoch: 322
376, 0, 10, 
0, 190, 0, 
0, 0, 0, 

epoch: 323
376, 0, 10, 
0, 190, 0, 
0, 0, 0, 

epoch: 324
376, 0, 10, 
0, 190, 0, 
0, 0, 0, 

epoch: 325
376, 0, 10, 
0, 190, 0, 
0, 0, 0, 

epoch: 326
376, 0, 10, 
0, 190, 0, 
0, 0, 0, 

epoch: 327
376, 0, 10, 
0, 190, 0, 
0, 0, 0, 

epoch: 328
376, 0, 10, 
0, 190, 0, 
0, 0, 0, 

epoch: 329
376, 0, 10, 
0, 190, 0, 
0, 0, 0, 

epoch: 330
376, 0, 10, 
0, 190, 0, 
0, 0, 0, 

epoch: 331
376, 0, 10, 
0, 190, 0, 
0, 0, 0, 

epoch: 332
376, 0, 10, 
0, 190, 0, 
0, 0, 0, 

epoch: 333
376, 0, 10, 
0, 190, 0, 
0, 0, 0, 

epoch: 334
376, 0, 10, 
0, 190, 0, 
0, 0, 0, 

epoch: 335
376, 0, 10, 
0, 190, 0, 
0, 0, 0, 

epoch: 336
376, 0, 10, 
0, 190, 0, 
0, 0, 0, 

epoch: 337
376, 0, 10, 
0, 190, 0, 
0, 0, 0, 

epoch: 338
376, 0, 10, 
0, 190, 0, 
0, 0, 0, 

epoch: 339
376, 0, 10, 
0, 190, 0, 
0, 0, 0, 

epoch: 340
376, 0, 10, 
0, 190, 0, 
0, 0, 0, 

epoch: 341
376, 0, 10, 
0, 190, 0, 
0, 0, 0, 

epoch: 342
376, 0, 10, 
0, 190, 0, 
0, 0, 0, 

epoch: 343
376, 0, 10, 
0, 190, 0, 
0, 0, 0, 

epoch: 344
376, 0, 10, 
0, 190, 0, 
0, 0, 0, 

epoch: 345
376, 0, 10, 
0, 190, 0, 
0, 0, 0, 

epoch: 346
376, 0, 10, 
0, 190, 0, 
0, 0, 0, 

epoch: 347
376, 0, 10, 
0, 190, 0, 
0, 0, 0, 

epoch: 348
376, 0, 10, 
0, 190, 0, 
0, 0, 0, 

epoch: 349
376, 0, 10, 
0, 190, 0, 
0, 0, 0, 

epoch: 350
376, 0, 10, 
0, 190, 0, 
0, 0, 0, 

epoch: 351
376, 0, 10, 
0, 190, 0, 
0, 0, 0, 

epoch: 352
376, 0, 10, 
0, 190, 0, 
0, 0, 0, 

epoch: 353
376, 0, 10, 
0, 190, 0, 
0, 0, 0, 

epoch: 354
376, 0, 10, 
0, 190, 0, 
0, 0, 0, 

epoch: 355
376, 0, 10, 
0, 190, 0, 
0, 0, 0, 

epoch: 356
376, 0, 10, 
0, 190, 0, 
0, 0, 0, 

epoch: 357
376, 0, 10, 
0, 190, 0, 
0, 0, 0, 

epoch: 358
376, 0, 10, 
0, 190, 0, 
0, 0, 0, 

epoch: 359
376, 0, 10, 
0, 190, 0, 
0, 0, 0, 

epoch: 360
376, 0, 10, 
0, 190, 0, 
0, 0, 0, 

epoch: 361
376, 0, 10, 
0, 190, 0, 
0, 0, 0, 

epoch: 362
376, 0, 10, 
0, 190, 0, 
0, 0, 0, 

epoch: 363
376, 0, 10, 
0, 190, 0, 
0, 0, 0, 

epoch: 364
376, 0, 10, 
0, 190, 0, 
0, 0, 0, 

epoch: 365
376, 0, 10, 
0, 190, 0, 
0, 0, 0, 

epoch: 366
376, 0, 10, 
0, 190, 0, 
0, 0, 0, 

epoch: 367
376, 0, 10, 
0, 190, 0, 
0, 0, 0, 

epoch: 368
376, 0, 10, 
0, 190, 0, 
0, 0, 0, 

epoch: 369
376, 0, 10, 
0, 190, 0, 
0, 0, 0, 

epoch: 370
376, 0, 10, 
0, 190, 0, 
0, 0, 0, 

epoch: 371
376, 0, 10, 
0, 190, 0, 
0, 0, 0, 

epoch: 372
376, 0, 10, 
0, 190, 0, 
0, 0, 0, 

epoch: 373
376, 0, 10, 
0, 190, 0, 
0, 0, 0, 

epoch: 374
376, 0, 10, 
0, 190, 0, 
0, 0, 0, 

epoch: 375
376, 0, 10, 
0, 190, 0, 
0, 0, 0, 

epoch: 376
376, 0, 10, 
0, 190, 0, 
0, 0, 0, 

epoch: 377
376, 0, 10, 
0, 190, 0, 
0, 0, 0, 

epoch: 378
376, 0, 10, 
0, 190, 0, 
0, 0, 0, 

epoch: 379
376, 0, 10, 
0, 190, 0, 
0, 0, 0, 

epoch: 380
376, 0, 10, 
0, 190, 0, 
0, 0, 0, 

epoch: 381
376, 0, 10, 
0, 190, 0, 
0, 0, 0, 

epoch: 382
376, 0, 10, 
0, 190, 0, 
0, 0, 0, 

epoch: 383
376, 0, 10, 
0, 190, 0, 
0, 0, 0, 

epoch: 384
376, 0, 10, 
0, 190, 0, 
0, 0, 0, 

epoch: 385
376, 0, 10, 
0, 190, 0, 
0, 0, 0, 

epoch: 386
376, 0, 10, 
0, 190, 0, 
0, 0, 0, 

epoch: 387
376, 0, 10, 
0, 190, 0, 
0, 0, 0, 

epoch: 388
376, 0, 10, 
0, 190, 0, 
0, 0, 0, 

epoch: 389
376, 0, 10, 
0, 190, 0, 
0, 0, 0, 

epoch: 390
376, 0, 10, 
0, 190, 0, 
0, 0, 0, 

epoch: 391
376, 0, 10, 
0, 190, 0, 
0, 0, 0, 

epoch: 392
376, 0, 10, 
0, 190, 0, 
0, 0, 0, 

epoch: 393
376, 0, 10, 
0, 190, 0, 
0, 0, 0, 

epoch: 394
376, 0, 10, 
0, 190, 0, 
0, 0, 0, 

epoch: 395
376, 0, 10, 
0, 190, 0, 
0, 0, 0, 

epoch: 396
376, 0, 10, 
0, 190, 0, 
0, 0, 0, 

epoch: 397
376, 0, 10, 
0, 190, 0, 
0, 0, 0, 

epoch: 398
376, 0, 10, 
0, 190, 0, 
0, 0, 0, 

epoch: 399
376, 0, 10, 
0, 190, 0, 
0, 0, 0, 

epoch: 400
376, 0, 10, 
0, 190, 0, 
0, 0, 0, 

epoch: 401
376, 0, 10, 
0, 190, 0, 
0, 0, 0, 

epoch: 402
376, 0, 10, 
0, 190, 0, 
0, 0, 0, 

epoch: 403
376, 0, 10, 
0, 190, 0, 
0, 0, 0, 

epoch: 404
376, 0, 10, 
0, 190, 0, 
0, 0, 0, 

epoch: 405
376, 0, 10, 
0, 190, 0, 
0, 0, 0, 

epoch: 406
376, 0, 10, 
0, 190, 0, 
0, 0, 0, 

epoch: 407
376, 0, 10, 
0, 190, 0, 
0, 0, 0, 

epoch: 408
376, 0, 10, 
0, 190, 0, 
0, 0, 0, 

epoch: 409
376, 0, 10, 
0, 190, 0, 
0, 0, 0, 

epoch: 410
376, 0, 10, 
0, 190, 0, 
0, 0, 0, 

epoch: 411
376, 0, 10, 
0, 190, 0, 
0, 0, 0, 

epoch: 412
376, 0, 10, 
0, 190, 0, 
0, 0, 0, 

epoch: 413
376, 0, 10, 
0, 190, 0, 
0, 0, 0, 

epoch: 414
376, 0, 10, 
0, 190, 0, 
0, 0, 0, 

epoch: 415
376, 0, 10, 
0, 190, 0, 
0, 0, 0, 

epoch: 416
376, 0, 10, 
0, 190, 0, 
0, 0, 0, 

epoch: 417
376, 0, 10, 
0, 190, 0, 
0, 0, 0, 

epoch: 418
376, 0, 10, 
0, 190, 0, 
0, 0, 0, 

epoch: 419
376, 0, 10, 
0, 190, 0, 
0, 0, 0, 

epoch: 420
376, 0, 10, 
0, 190, 0, 
0, 0, 0, 

epoch: 421
376, 0, 10, 
0, 190, 0, 
0, 0, 0, 

epoch: 422
376, 0, 10, 
0, 190, 0, 
0, 0, 0, 

epoch: 423
376, 0, 10, 
0, 190, 0, 
0, 0, 0, 

epoch: 424
376, 0, 10, 
0, 190, 0, 
0, 0, 0, 

epoch: 425
376, 0, 10, 
0, 190, 0, 
0, 0, 0, 

epoch: 426
376, 0, 10, 
0, 190, 0, 
0, 0, 0, 

epoch: 427
376, 0, 10, 
0, 190, 0, 
0, 0, 0, 

epoch: 428
376, 0, 10, 
0, 190, 0, 
0, 0, 0, 

epoch: 429
376, 0, 10, 
0, 190, 0, 
0, 0, 0, 

epoch: 430
376, 0, 10, 
0, 190, 0, 
0, 0, 0, 

epoch: 431
376, 0, 10, 
0, 190, 0, 
0, 0, 0, 

epoch: 432
376, 0, 10, 
0, 190, 0, 
0, 0, 0, 

epoch: 433
376, 0, 10, 
0, 190, 0, 
0, 0, 0, 

epoch: 434
376, 0, 10, 
0, 190, 0, 
0, 0, 0, 

epoch: 435
376, 0, 10, 
0, 190, 0, 
0, 0, 0, 

epoch: 436
376, 0, 10, 
0, 190, 0, 
0, 0, 0, 

epoch: 437
376, 0, 10, 
0, 190, 0, 
0, 0, 0, 

epoch: 438
376, 0, 10, 
0, 190, 0, 
0, 0, 0, 

epoch: 439
376, 0, 10, 
0, 190, 0, 
0, 0, 0, 

epoch: 440
376, 0, 10, 
0, 190, 0, 
0, 0, 0, 

epoch: 441
376, 0, 10, 
0, 190, 0, 
0, 0, 0, 

epoch: 442
376, 0, 10, 
0, 190, 0, 
0, 0, 0, 

epoch: 443
376, 0, 10, 
0, 190, 0, 
0, 0, 0, 

epoch: 444
376, 0, 10, 
0, 190, 0, 
0, 0, 0, 

epoch: 445
376, 0, 10, 
0, 190, 0, 
0, 0, 0, 

epoch: 446
376, 0, 10, 
0, 190, 0, 
0, 0, 0, 

epoch: 447
376, 0, 10, 
0, 190, 0, 
0, 0, 0, 

epoch: 448
376, 0, 10, 
0, 190, 0, 
0, 0, 0, 

epoch: 449
376, 0, 10, 
0, 190, 0, 
0, 0, 0, 

epoch: 450
376, 0, 10, 
0, 190, 0, 
0, 0, 0, 

epoch: 451
376, 0, 10, 
0, 190, 0, 
0, 0, 0, 

epoch: 452
376, 0, 10, 
0, 190, 0, 
0, 0, 0, 

epoch: 453
376, 0, 10, 
0, 190, 0, 
0, 0, 0, 

epoch: 454
376, 0, 10, 
0, 190, 0, 
0, 0, 0, 

epoch: 455
376, 0, 10, 
0, 190, 0, 
0, 0, 0, 

epoch: 456
376, 0, 10, 
0, 190, 0, 
0, 0, 0, 

epoch: 457
376, 0, 10, 
0, 190, 0, 
0, 0, 0, 

epoch: 458
376, 0, 10, 
0, 190, 0, 
0, 0, 0, 

epoch: 459
376, 0, 10, 
0, 190, 0, 
0, 0, 0, 

epoch: 460
376, 0, 10, 
0, 190, 0, 
0, 0, 0, 

epoch: 461
376, 0, 10, 
0, 190, 0, 
0, 0, 0, 

epoch: 462
376, 0, 10, 
0, 190, 0, 
0, 0, 0, 

epoch: 463
376, 0, 10, 
0, 190, 0, 
0, 0, 0, 

epoch: 464
376, 0, 10, 
0, 190, 0, 
0, 0, 0, 

epoch: 465
376, 0, 10, 
0, 190, 0, 
0, 0, 0, 

epoch: 466
376, 0, 10, 
0, 190, 0, 
0, 0, 0, 

epoch: 467
376, 0, 10, 
0, 190, 0, 
0, 0, 0, 

epoch: 468
376, 0, 10, 
0, 190, 0, 
0, 0, 0, 

epoch: 469
376, 0, 10, 
0, 190, 0, 
0, 0, 0, 

epoch: 470
376, 0, 10, 
0, 190, 0, 
0, 0, 0, 

epoch: 471
376, 0, 10, 
0, 190, 0, 
0, 0, 0, 

epoch: 472
376, 0, 10, 
0, 190, 0, 
0, 0, 0, 

epoch: 473
376, 0, 10, 
0, 190, 0, 
0, 0, 0, 

epoch: 474
376, 0, 10, 
0, 190, 0, 
0, 0, 0, 

epoch: 475
376, 0, 10, 
0, 190, 0, 
0, 0, 0, 

epoch: 476
376, 0, 10, 
0, 190, 0, 
0, 0, 0, 

epoch: 477
376, 0, 10, 
0, 190, 0, 
0, 0, 0, 

epoch: 478
376, 0, 10, 
0, 190, 0, 
0, 0, 0, 

epoch: 479
376, 0, 10, 
0, 190, 0, 
0, 0, 0, 

epoch: 480
376, 0, 10, 
0, 190, 0, 
0, 0, 0, 

epoch: 481
376, 0, 10, 
0, 190, 0, 
0, 0, 0, 

epoch: 482
376, 0, 10, 
0, 190, 0, 
0, 0, 0, 

epoch: 483
376, 0, 10, 
0, 190, 0, 
0, 0, 0, 

epoch: 484
376, 0, 10, 
0, 190, 0, 
0, 0, 0, 

epoch: 485
376, 0, 10, 
0, 190, 0, 
0, 0, 0, 

epoch: 486
376, 0, 10, 
0, 190, 0, 
0, 0, 0, 

epoch: 487
376, 0, 10, 
0, 190, 0, 
0, 0, 0, 

epoch: 488
376, 0, 10, 
0, 190, 0, 
0, 0, 0, 

epoch: 489
376, 0, 10, 
0, 190, 0, 
0, 0, 0, 

epoch: 490
376, 0, 10, 
0, 190, 0, 
0, 0, 0, 

epoch: 491
376, 0, 10, 
0, 190, 0, 
0, 0, 0, 

epoch: 492
376, 0, 10, 
0, 190, 0, 
0, 0, 0, 

epoch: 493
376, 0, 10, 
0, 190, 0, 
0, 0, 0, 

epoch: 494
376, 0, 10, 
0, 190, 0, 
0, 0, 0, 

epoch: 495
376, 0, 10, 
0, 190, 0, 
0, 0, 0, 

epoch: 496
376, 0, 10, 
0, 190, 0, 
0, 0, 0, 

epoch: 497
376, 0, 10, 
0, 190, 0, 
0, 0, 0, 

epoch: 498
376, 0, 10, 
0, 190, 0, 
0, 0, 0, 

epoch: 499
376, 0, 10, 
0, 190, 0, 
0, 0, 0, 

